LightGBM Classifier
===================

Train accuracy: 1.0000
Test accuracy: 0.9422
Macro F1: 0.9420

              precision    recall  f1-score   support

           C     0.7797    0.7667    0.7731       120
          C#     0.9836    1.0000    0.9917       120
         C++     0.8136    0.8000    0.8067       120
         CSS     0.9748    0.9667    0.9707       120
         CSV     0.9675    0.9917    0.9794       120
  Dockerfile     0.9677    1.0000    0.9836       120
          Go     0.9835    0.9917    0.9876       120
        HTML     0.9365    0.9833    0.9593       120
         INI     0.8879    0.8583    0.8729       120
        JSON     1.0000    1.0000    1.0000       120
        Java     0.9917    0.9917    0.9917       120
  JavaScript     0.8015    0.8750    0.8367       120
      Kotlin     0.9593    0.9833    0.9712       120
       LaTeX     0.9739    0.9333    0.9532       120
         Lua     0.9268    0.9500    0.9383       120
    Makefile     0.9664    0.9583    0.9623       120
    Markdown     0.9098    0.9250    0.9174       120
         PHP     0.9815    0.8833    0.9298       120
        Perl     0.9576    0.9417    0.9496       120
      Python     0.9669    0.9750    0.9710       120
           R     0.9123    0.8667    0.8889       120
        Ruby     0.9512    0.9750    0.9630       120
        Rust     0.9597    0.9917    0.9754       120
         SQL     0.9658    0.9417    0.9536       120
         SVG     0.9917    1.0000    0.9959       120
       Scala     0.9739    0.9333    0.9532       120
       Shell     0.9237    0.9083    0.9160       120
       Swift     0.9917    1.0000    0.9959       120
        TOML     0.9831    0.9667    0.9748       120
  TypeScript     0.9009    0.8333    0.8658       120
         XML     0.9365    0.9833    0.9593       120
        YAML     0.9360    0.9750    0.9551       120

    accuracy                         0.9422      3840
   macro avg     0.9424    0.9422    0.9420      3840
weighted avg     0.9424    0.9422    0.9420      3840

