Random Forest Tree-based Model
==============================

Train accuracy: 0.9949
Test accuracy: 0.9279
Macro F1: 0.9274

              precision    recall  f1-score   support

           C     0.7857    0.8250    0.8049       120
          C#     0.9597    0.9917    0.9754       120
         C++     0.8532    0.7750    0.8122       120
         CSS     0.9669    0.9750    0.9710       120
         CSV     0.9365    0.9833    0.9593       120
  Dockerfile     0.9375    1.0000    0.9677       120
          Go     1.0000    0.9833    0.9916       120
        HTML     0.9154    0.9917    0.9520       120
         INI     0.8547    0.8333    0.8439       120
        JSON     0.9917    1.0000    0.9959       120
        Java     0.9672    0.9833    0.9752       120
  JavaScript     0.7899    0.7833    0.7866       120
      Kotlin     0.8855    0.9667    0.9243       120
       LaTeX     0.9344    0.9500    0.9421       120
         Lua     0.8750    0.9333    0.9032       120
    Makefile     0.9580    0.9500    0.9540       120
    Markdown     0.8898    0.8750    0.8824       120
         PHP     0.9619    0.8417    0.8978       120
        Perl     0.9818    0.9000    0.9391       120
      Python     0.9748    0.9667    0.9707       120
           R     0.9174    0.8333    0.8734       120
        Ruby     0.9333    0.9333    0.9333       120
        Rust     0.9836    1.0000    0.9917       120
         SQL     0.9500    0.9500    0.9500       120
         SVG     1.0000    1.0000    1.0000       120
       Scala     0.9643    0.9000    0.9310       120
       Shell     0.9115    0.8583    0.8841       120
       Swift     0.9832    0.9750    0.9791       120
        TOML     0.9587    0.9667    0.9627       120
  TypeScript     0.8929    0.8333    0.8621       120
         XML     0.9370    0.9917    0.9636       120
        YAML     0.8561    0.9417    0.8968       120

    accuracy                         0.9279      3840
   macro avg     0.9284    0.9279    0.9274      3840
weighted avg     0.9284    0.9279    0.9274      3840

